2 512
137.027344 0.000000
0.446785 1.486986
6.646503 -1.972738
1.439237 1.825166
-18.638947 0.908930
3.084527 2.741986
3.154215 -0.643803
-1.936191 -0.985540
1.632987 1.629830
-1.330429 1.990233
4.256468 1.500417
-0.379313 -0.220100
2.206084 3.136574
1.486363 -1.848971
-2.779649 -3.181438
0.559086 2.071858
1.903228 -4.093585
0.171323 1.047399
-1.950046 0.018302
-1.779089 -0.655803
-0.561928 -1.091726
-3.043998 1.094516
0.532332 1.969890
-2.723619 -2.896675
2.025201 4.446420
-1.963004 -0.410279
0.807412 3.302903
-0.115299 -1.533072
0.814379 -1.071955
-0.206398 -0.633983
-1.045220 0.951918
-0.499441 4.762287
-1.473837 1.318369
1.321149 -0.562639
-0.637259 -1.873248
0.765028 1.934367
-0.523199 0.127814
-2.211676 -2.139395
-2.120682 0.543527
-0.199125 0.960344
2.037513 2.360620
2.436470 -0.715878
1.772257 -1.917431
-2.448717 -2.280238
-0.892390 -0.576476
1.245193 0.199528
1.000017 0.305353
0.418759 0.851864
0.325038 0.954025
0.732951 2.564519
0.626276 0.524628
0.701374 -0.739902
-0.311705 1.752615
-0.613967 0.988746
-2.095190 0.702571
0.034224 1.064646
1.020800 0.626751
-0.217648 -0.415372
-0.781075 1.306404
-1.657323 0.492261
0.199503 0.083897
0.690317 0.534675
1.240173 0.797870
-0.027826 -1.305162
0.371737 -0.617821
0.845159 -0.832847
-1.780610 1.256620
-0.564490 1.163360
-1.853373 0.164325
-1.194803 -0.394040
-2.425885 -0.728478
0.008142 0.823983
0.891655 0.372494
0.568507 0.077035
-1.835323 -0.766331
-0.929101 0.982512
2.002463 0.994782
1.979215 1.028373
1.415725 0.955927
0.046466 -0.258291
-1.189097 -0.542738
-0.247207 -0.468629
-0.164557 1.054363
-0.308395 -0.990611
-0.081698 -1.149927
0.748568 -0.388856
0.842936 1.544542
0.004614 1.440519
-0.569231 -0.022798
-0.201394 0.162126
-0.149993 0.153354
0.376301 0.803903
0.196039 0.483935
-0.479083 0.729625
-0.924362 -0.042286
-1.160444 -0.023274
-0.228053 -0.597348
-0.048447 0.390634
-0.506489 0.543307
-0.659313 0.786092
-1.001303 1.084701
-1.060242 0.261923
-1.797505 0.247283
-0.983471 0.591421
0.083250 0.307567
-0.128612 0.576733
-0.557663 0.624528
-0.908839 1.670686
0.565149 0.010993
0.868439 -0.563351
-0.196274 -1.049568
-0.590758 0.333384
0.024639 0.744882
1.096853 0.736637
0.487231 -0.163170
-0.930277 -0.789488
-1.946390 0.074342
-1.174827 0.051466
-0.342490 0.541681
-0.970490 -0.356493
-1.674024 0.873969
-0.497026 0.144399
-0.459444 -0.244988
-1.004408 -0.387018
-0.506131 -0.715747
0.187292 0.141064
0.632240 -1.035903
-0.464779 -0.863296
-0.193359 -0.357422
-0.137609 0.312480
-0.436351 0.341641
-0.178997 0.548384
-0.062408 -0.044809
-0.035513 -1.366046
-0.425257 -0.499492
0.209697 0.778809
-0.450612 1.109034
-0.797274 0.287729
-0.025803 -0.120762
-0.415733 -0.212262
-0.422929 0.145689
0.324184 -0.327401
0.415662 -0.114301
0.172284 0.126672
-0.455122 0.238133
0.679583 0.713989
0.628576 0.454453
-0.289573 0.257237
-0.676782 0.009161
-0.190671 0.284880
0.649597 0.087093
0.041627 0.288323
0.435162 0.120442
0.005405 -1.016855
-0.478566 0.110137
0.448551 0.498732
-0.027038 0.032004
0.539314 -0.549500
-0.086688 0.074780
0.644751 0.255182
0.096020 -0.386473
0.732711 -0.361780
0.197476 0.208516
0.150586 0.286714
0.150707 -0.365568
-0.234481 0.007299
-0.008412 1.193445
-0.883592 0.586208
-0.066681 0.204118
-0.697410 -0.262621
-0.398371 -0.619204
-0.320674 0.080359
-0.607121 -0.050787
-0.114510 0.337645
-0.498859 -0.698333
-0.104960 0.140406
-0.078957 0.219708
0.511701 0.818403
0.076816 -0.177670
-0.194686 0.355969
0.590636 0.423986
1.117801 0.273119
0.658281 0.297148
-0.054804 0.545702
0.037013 0.558931
-0.199025 -0.367006
-0.143448 -0.045002
-0.728611 -0.050419
-0.170650 0.486493
-0.090834 0.079921
-0.444103 0.332162
-0.511217 0.033647
-0.106112 -0.246727
0.342572 0.016137
-0.655412 -0.229316
-0.400651 0.221020
0.070319 -0.167170
0.356322 0.414702
-0.283723 -0.540705
-0.749880 -0.419317
0.462681 -0.178097
0.091016 0.223702
-0.115519 0.151782
-1.262173 -0.007044
-0.245872 0.209815
-0.040816 -0.311607
0.146465 0.057254
-0.114355 0.051987
-0.089793 -0.130527
0.124462 -0.074942
-0.363213 0.144052
-0.566192 0.246881
-0.029407 -0.082537
0.012233 -0.746786
-0.156251 0.344214
-0.610477 0.452785
-0.128213 0.225094
0.384749 0.272485
-0.067443 0.212096
-0.327765 0.504838
-0.162164 0.163202
0.086269 0.340494
-0.216846 -0.176087
-0.408509 0.179889
0.176183 0.240183
-0.017054 -0.164696
0.151925 -0.230713
-0.479943 -0.000512
-0.227745 0.562526
-0.081374 -0.154455
-0.109513 -0.408146
-0.140257 -0.301992
0.248562 -0.204860
0.354454 -0.426819
0.103066 0.213632
0.084804 0.196823
-0.651810 -0.146670
0.058504 -0.341853
0.316409 0.151561
0.511991 0.268027
-0.174311 -0.134832
-0.034096 -0.051977
0.508066 -0.041348
-0.015392 0.326516
-0.149781 0.122113
-0.626970 0.218838
-0.013123 0.329783
-0.326530 -0.057713
-0.329812 0.146897
-0.173798 0.274482
0.165544 0.145445
-0.248768 -0.343741
-0.419512 -0.419479
-0.013186 -0.176613
-0.205049 0.055197
0.179917 -0.112077
-0.406250 0.000000
0.179917 0.112076
-0.205049 -0.055197
-0.013186 0.176613
-0.419511 0.419479
-0.248768 0.343741
0.165543 -0.145445
-0.173799 -0.274482
-0.329812 -0.146897
-0.326530 0.057713
-0.013123 -0.329783
-0.626970 -0.218838
-0.149781 -0.122113
-0.015392 -0.326516
0.508066 0.041348
-0.034096 0.051977
-0.174311 0.134832
0.511991 -0.268027
0.316409 -0.151561
0.058505 0.341853
-0.651810 0.146670
0.084804 -0.196823
0.103066 -0.213632
0.354454 0.426819
0.248562 0.204860
-0.140257 0.301992
-0.109513 0.408146
-0.081374 0.154454
-0.227745 -0.562526
-0.479943 0.000512
0.151925 0.230713
-0.017055 0.164697
0.176183 -0.240183
-0.408510 -0.179889
-0.216846 0.176087
0.086268 -0.340494
-0.162164 -0.163202
-0.327765 -0.504837
-0.067442 -0.212096
0.384749 -0.272486
-0.128213 -0.225094
-0.610477 -0.452785
-0.156251 -0.344214
0.012233 0.746786
-0.029407 0.082537
-0.566191 -0.246880
-0.363213 -0.144052
0.124462 0.074943
-0.089793 0.130527
-0.114355 -0.051987
0.146465 -0.057255
-0.040816 0.311607
-0.245872 -0.209815
-1.262173 0.007045
-0.115519 -0.151782
0.091016 -0.223702
0.462681 0.178097
-0.749880 0.419317
-0.283723 0.540705
0.356322 -0.414702
0.070319 0.167171
-0.400651 -0.221020
-0.655412 0.229316
0.342572 -0.016137
-0.106112 0.246727
-0.511217 -0.033647
-0.444103 -0.332162
-0.090834 -0.079921
-0.170650 -0.486494
-0.728611 0.050420
-0.143448 0.045002
-0.199025 0.367006
0.037013 -0.558931
-0.054804 -0.545702
0.658281 -0.297149
1.117801 -0.273119
0.590636 -0.423986
-0.194686 -0.355969
0.076816 0.177670
0.511701 -0.818403
-0.078957 -0.219708
-0.104960 -0.140406
-0.498859 0.698333
-0.114510 -0.337645
-0.607121 0.050787
-0.320674 -0.080359
-0.398371 0.619204
-0.697410 0.262621
-0.066681 -0.204118
-0.883592 -0.586207
-0.008412 -1.193445
-0.234481 -0.007299
0.150708 0.365568
0.150585 -0.286714
0.197476 -0.208516
0.732711 0.361780
0.096020 0.386473
0.644751 -0.255183
-0.086688 -0.074780
0.539314 0.549499
-0.027038 -0.032004
0.448551 -0.498732
-0.478566 -0.110137
0.005405 1.016855
0.435162 -0.120442
0.041627 -0.288323
0.649597 -0.087093
-0.190671 -0.284880
-0.676782 -0.009161
-0.289573 -0.257237
0.628576 -0.454453
0.679583 -0.713989
-0.455122 -0.238133
0.172284 -0.126672
0.415662 0.114301
0.324184 0.327400
-0.422929 -0.145689
-0.415733 0.212261
-0.025803 0.120762
-0.797274 -0.287729
-0.450612 -1.109034
0.209697 -0.778809
-0.425257 0.499492
-0.035513 1.366046
-0.062408 0.044808
-0.178997 -0.548384
-0.436352 -0.341641
-0.137609 -0.312480
-0.193359 0.357422
-0.464779 0.863296
0.632240 1.035903
0.187292 -0.141064
-0.506131 0.715747
-1.004408 0.387018
-0.459444 0.244988
-0.497026 -0.144399
-1.674024 -0.873969
-0.970490 0.356494
-0.342490 -0.541681
-1.174827 -0.051466
-1.946390 -0.074342
-0.930277 0.789488
0.487231 0.163170
1.096852 -0.736637
0.024639 -0.744882
-0.590758 -0.333384
-0.196274 1.049568
0.868439 0.563351
0.565149 -0.010993
-0.908839 -1.670686
-0.557664 -0.624528
-0.128612 -0.576733
0.083250 -0.307567
-0.983471 -0.591420
-1.797506 -0.247283
-1.060242 -0.261923
-1.001303 -1.084701
-0.659313 -0.786092
-0.506489 -0.543307
-0.048447 -0.390634
-0.228053 0.597348
-1.160444 0.023274
-0.924362 0.042286
-0.479084 -0.729625
0.196039 -0.483935
0.376301 -0.803903
-0.149993 -0.153354
-0.201394 -0.162126
-0.569231 0.022798
0.004614 -1.440519
0.842935 -1.544542
0.748568 0.388855
-0.081698 1.149927
-0.308395 0.990611
-0.164557 -1.054363
-0.247207 0.468629
-1.189097 0.542738
0.046465 0.258291
1.415725 -0.955927
1.979215 -1.028373
2.002463 -0.994782
-0.929101 -0.982512
-1.835323 0.766331
0.568507 -0.077035
0.891655 -0.372495
0.008142 -0.823983
-2.425885 0.728478
-1.194803 0.394040
-1.853372 -0.164325
-0.564491 -1.163360
-1.780611 -1.256619
0.845160 0.832847
0.371737 0.617821
-0.027826 1.305162
1.240173 -0.797870
0.690317 -0.534675
0.199503 -0.083898
-1.657323 -0.492261
-0.781075 -1.306403
-0.217648 0.415372
1.020800 -0.626751
0.034223 -1.064646
-2.095190 -0.702571
-0.613968 -0.988747
-0.311705 -1.752616
0.701375 0.739902
0.626275 -0.524628
0.732951 -2.564519
0.325038 -0.954025
0.418759 -0.851865
1.000017 -0.305353
1.245193 -0.199529
-0.892390 0.576476
-2.448716 2.280239
1.772257 1.917431
2.436471 0.715877
2.037512 -2.360620
-0.199125 -0.960344
-2.120683 -0.543526
-2.211675 2.139396
-0.523198 -0.127814
0.765028 -1.934367
-0.637259 1.873248
1.321149 0.562639
-1.473837 -1.318369
-0.499441 -4.762288
-1.045220 -0.951918
-0.206398 0.633983
0.814380 1.071955
-0.115299 1.533072
0.807412 -3.302903
-1.963003 0.410279
2.025201 -4.446420
-2.723619 2.896676
0.532332 -1.969890
-3.043999 -1.094515
-0.561928 1.091726
-1.779089 0.655804
-1.950046 -0.018302
0.171323 -1.047399
1.903228 4.093585
0.559085 -2.071859
-2.779649 3.181439
1.486363 1.848970
2.206084 -3.136574
-0.379313 0.220100
4.256468 -1.500418
-1.330429 -1.990233
1.632987 -1.629830
-1.936190 0.985540
3.154215 0.643802
3.084527 -2.741986
-18.638947 -0.908927
1.439236 -1.825166
6.646504 1.972737
0.446785 -1.486986
