2 512
137.027344 0.000000
0.981821 1.202819
3.304851 -6.094724
2.237005 -0.631221
0.908930 18.638947
1.352867 -3.899044
-2.685604 -1.775129
1.411657 1.651468
-1.632987 -1.629830
0.467527 -2.347869
-4.070733 1.948822
0.348503 -0.266211
-3.136574 2.206084
2.277032 0.665650
0.284108 -4.215125
-0.276338 2.128100
1.903228 -4.093585
0.559104 0.902107
-1.365950 1.391832
-1.286711 1.392699
-1.091726 0.561928
2.176089 2.393435
1.016507 -1.769338
1.407786 3.718463
-2.025201 -4.446420
1.970586 -0.372161
-2.906432 -1.764578
1.460497 0.480159
1.071955 0.814379
0.506739 -0.433301
-1.412190 -0.065975
-2.283871 4.208652
-1.473837 1.318369
1.005270 -1.025392
-1.775196 -0.873976
2.079885 0.033456
0.127814 0.523199
-1.130172 2.862033
1.883880 1.115217
0.551475 -0.811040
-2.037513 -2.360620
-1.977051 1.593781
0.102653 2.609003
3.043749 -1.389709
0.576476 -0.892390
0.292174 1.226764
0.491202 0.923036
0.060888 0.947272
0.325038 0.954025
1.658558 2.088819
0.813812 -0.071875
-0.415176 -0.931134
1.752615 0.311705
1.148438 0.188855
1.978315 0.984730
0.375804 -0.996701
-1.020800 -0.626751
0.360036 0.300463
-0.371463 -1.476070
0.179440 -1.719547
-0.083897 0.199503
-0.229802 0.842381
0.312756 1.441113
0.473756 -1.216461
0.371737 -0.617821
0.462109 -1.092879
-0.370517 2.147646
0.858783 0.966720
0.164325 1.853373
0.093186 1.254647
1.200248 2.230471
0.307802 -0.764377
-0.891655 -0.372494
-0.554712 0.146387
1.839647 -0.755892
-0.552172 -1.234368
-0.994782 2.002463
-0.192680 2.222098
0.325126 1.677012
0.141772 -0.220848
-1.189097 -0.542738
-0.407726 -0.338355
0.629188 0.861907
-1.033223 -0.094171
-1.149927 0.081698
-0.645720 -0.542778
0.496111 -1.688202
0.547000 -1.332632
0.569231 0.022798
0.124021 -0.226855
-0.002377 -0.214499
-0.886713 0.040017
-0.483935 0.196039
-0.857423 -0.163400
-0.623722 -0.683524
-1.063204 -0.465585
-0.228053 -0.597348
0.104730 0.379438
0.026034 0.742318
0.473946 0.909950
1.084701 1.001303
0.647723 0.879302
1.445884 1.096173
1.134936 -0.170043
-0.083250 -0.307567
-0.101884 -0.582050
-0.047280 -0.835935
-1.195715 -1.479001
-0.010993 0.565149
0.852806 0.586748
0.603370 -0.880943
-0.673370 0.081933
0.024639 0.744882
1.295259 0.260816
0.229146 -0.459903
-1.085393 0.557340
0.074342 1.946390
0.497136 1.065704
0.625203 -0.140849
0.760191 0.700747
1.674024 -0.873969
0.403933 -0.323611
0.498109 -0.151643
0.741928 -0.779847
0.715746 -0.506131
-0.058652 0.227018
1.179556 -0.285433
-0.099031 -0.975444
-0.193359 -0.357422
-0.007553 0.341355
-0.066970 0.550124
0.438142 0.375229
-0.044809 0.062408
-1.248471 0.555573
-0.052492 0.653896
0.104302 -0.799773
0.450612 -1.109034
0.626476 -0.570930
0.103637 0.067147
0.355198 -0.302859
-0.145689 -0.422929
0.426538 0.174216
0.374741 0.213095
0.110694 0.182959
-0.455122 0.238133
0.901085 0.399575
0.765817 -0.123124
0.126841 0.365971
0.009161 0.676782
0.336161 0.067138
-0.397750 -0.520918
0.071878 -0.282305
-0.435162 -0.120442
0.384140 0.941520
0.260518 -0.416276
-0.632422 0.223551
-0.032004 -0.027038
0.714058 0.287977
-0.114175 -0.008420
0.498018 0.482493
0.096020 -0.386473
0.538490 -0.614638
0.287079 0.007806
0.322516 -0.029402
-0.365568 -0.150707
0.096475 0.213839
0.849842 -0.837945
1.040664 -0.203449
0.066681 -0.204118
0.744823 -0.024257
0.719534 0.156153
0.048475 -0.327017
0.050787 -0.607121
-0.355765 0.023417
0.141050 -0.846542
-0.150702 0.089552
-0.078957 0.219708
0.785939 0.560286
-0.071315 -0.179949
0.254370 0.316090
0.423986 -0.590636
-0.175435 -1.137231
-0.255360 -0.675591
0.259464 -0.483191
-0.037013 -0.558931
0.324322 0.262906
0.133254 -0.069612
0.325409 -0.653854
-0.486493 -0.170650
-0.108598 -0.053335
-0.548902 -0.079154
-0.485179 -0.164549
-0.106112 -0.246727
0.322671 -0.116188
-0.625597 0.301296
0.050874 0.454734
-0.167170 -0.070319
0.246776 -0.487898
-0.181714 0.582959
0.532333 0.674365
-0.462681 0.178097
-0.169695 -0.171843
-0.025642 -0.189011
0.489521 -1.163400
-0.209815 -0.245872
0.272268 -0.156956
0.063081 0.144052
-0.125545 0.004268
-0.089793 -0.130527
0.086309 -0.116867
-0.154970 0.358690
0.011416 0.617570
-0.082537 0.029407
-0.694622 0.274481
0.353882 -0.132909
0.737280 -0.184699
0.128213 -0.225094
-0.459738 -0.104507
-0.102285 -0.197664
-0.340979 -0.496009
-0.163202 -0.162164
-0.281562 0.210003
-0.028821 -0.277846
-0.446254 0.009866
0.176183 0.240183
-0.078783 -0.145633
-0.055712 -0.270566
-0.184139 0.443214
0.562526 0.227745
-0.111557 0.134287
-0.211165 0.366040
0.014013 0.332679
-0.248562 0.204860
-0.164136 0.529973
-0.223940 -0.078182
-0.214294 0.003028
0.146670 -0.651810
0.338219 -0.076770
0.116565 0.330905
0.370449 0.443555
-0.174311 -0.134832
-0.051391 -0.034973
0.330020 -0.388494
0.295771 0.139172
0.122113 0.149781
0.442111 0.495499
0.242471 -0.223913
0.279588 0.178278
0.329812 -0.146897
0.055529 -0.320098
-0.219902 0.014212
0.412775 -0.098288
0.419479 -0.419512
0.158123 -0.079769
-0.184022 -0.105961
0.209111 -0.034694
-0.406250 0.000000
0.209111 0.034694
-0.184022 0.105961
0.158123 0.079770
0.419479 0.419511
0.412775 0.098287
-0.219902 -0.014212
0.055529 0.320099
0.329812 0.146897
0.279588 -0.178277
0.242471 0.223913
0.442111 -0.495499
0.122113 -0.149781
0.295771 -0.139172
0.330020 0.388494
-0.051391 0.034973
-0.174311 0.134832
0.370449 -0.443555
0.116565 -0.330905
0.338219 0.076770
0.146670 0.651810
-0.214294 -0.003027
-0.223940 0.078182
-0.164136 -0.529973
-0.248562 -0.204860
0.014013 -0.332678
-0.211165 -0.366040
-0.111557 -0.134287
0.562526 -0.227744
-0.184139 -0.443214
-0.055712 0.270566
-0.078783 0.145634
0.176183 -0.240183
-0.446254 -0.009866
-0.028821 0.277846
-0.281562 -0.210003
-0.163202 0.162164
-0.340979 0.496009
-0.102286 0.197664
-0.459738 0.104507
0.128213 0.225094
0.737280 0.184699
0.353882 0.132909
-0.694622 -0.274481
-0.082537 -0.029407
0.011416 -0.617570
-0.154970 -0.358690
0.086309 0.116868
-0.089793 0.130527
-0.125545 -0.004267
0.063082 -0.144052
0.272268 0.156956
-0.209815 0.245872
0.489521 1.163400
-0.025642 0.189011
-0.169695 0.171843
-0.462681 -0.178097
0.532333 -0.674365
-0.181714 -0.582959
0.246776 0.487898
-0.167170 0.070319
0.050874 -0.454734
-0.625597 -0.301296
0.322671 0.116188
-0.106112 0.246727
-0.485179 0.164549
-0.548902 0.079154
-0.108598 0.053335
-0.486494 0.170650
0.325409 0.653854
0.133254 0.069612
0.324322 -0.262906
-0.037013 0.558931
0.259464 0.483190
-0.255360 0.675591
-0.175435 1.137231
0.423986 0.590636
0.254370 -0.316090
-0.071315 0.179949
0.785939 -0.560286
-0.078957 -0.219708
-0.150702 -0.089552
0.141050 0.846543
-0.355765 -0.023417
0.050787 0.607121
0.048475 0.327017
0.719534 -0.156153
0.744823 0.024257
0.066681 0.204118
1.040664 0.203449
0.849842 0.837945
0.096475 -0.213839
-0.365568 0.150708
0.322516 0.029402
0.287079 -0.007806
0.538490 0.614638
0.096020 0.386473
0.498018 -0.482494
-0.114175 0.008420
0.714058 -0.287977
-0.032004 0.027038
-0.632422 -0.223551
0.260518 0.416276
0.384140 -0.941520
-0.435162 0.120442
0.071878 0.282305
-0.397750 0.520918
0.336161 -0.067138
0.009161 -0.676782
0.126841 -0.365971
0.765817 0.123124
0.901085 -0.399575
-0.455122 -0.238133
0.110694 -0.182959
0.374740 -0.213095
0.426539 -0.174216
-0.145689 0.422929
0.355198 0.302859
0.103637 -0.067147
0.626477 0.570930
0.450612 1.109034
0.104302 0.799773
-0.052492 -0.653896
-1.248472 -0.555572
-0.044808 -0.062408
0.438142 -0.375229
-0.066971 -0.550124
-0.007553 -0.341355
-0.193359 0.357422
-0.099031 0.975444
1.179556 0.285433
-0.058652 -0.227018
0.715747 0.506131
0.741928 0.779847
0.498109 0.151643
0.403933 0.323611
1.674024 0.873969
0.760191 -0.700747
0.625203 0.140849
0.497135 -1.065703
0.074342 -1.946390
-1.085393 -0.557340
0.229146 0.459903
1.295259 -0.260817
0.024639 -0.744882
-0.673370 -0.081933
0.603370 0.880943
0.852806 -0.586748
-0.010993 -0.565149
-1.195715 1.479001
-0.047280 0.835936
-0.101884 0.582050
-0.083250 0.307567
1.134936 0.170043
1.445884 -1.096173
0.647722 -0.879302
1.084701 -1.001303
0.473946 -0.909950
0.026034 -0.742318
0.104730 -0.379438
-0.228053 0.597348
-1.063204 0.465585
-0.623722 0.683524
-0.857423 0.163400
-0.483935 -0.196039
-0.886713 -0.040016
-0.002377 0.214499
0.124021 0.226855
0.569231 -0.022798
0.547000 1.332632
0.496111 1.688202
-0.645720 0.542778
-1.149927 -0.081698
-1.033223 0.094171
0.629188 -0.861907
-0.407726 0.338355
-1.189097 0.542738
0.141772 0.220848
0.325126 -1.677012
-0.192681 -2.222098
-0.994782 -2.002463
-0.552172 1.234368
1.839647 0.755891
-0.554712 -0.146387
-0.891655 0.372495
0.307802 0.764377
1.200248 -2.230471
0.093186 -1.254647
0.164324 -1.853372
0.858783 -0.966720
-0.370518 -2.147646
0.462109 1.092879
0.371737 0.617821
0.473756 1.216461
0.312755 -1.441113
-0.229802 -0.842381
-0.083898 -0.199503
0.179440 1.719547
-0.371463 1.476070
0.360036 -0.300463
-1.020800 0.626751
0.375804 0.996701
1.978315 -0.984731
1.148438 -0.188855
1.752615 -0.311705
-0.415176 0.931134
0.813812 0.071875
1.658557 -2.088819
0.325038 -0.954025
0.060888 -0.947272
0.491202 -0.923036
0.292174 -1.226764
0.576476 0.892390
3.043749 1.389709
0.102653 -2.609003
-1.977051 -1.593781
-2.037512 2.360620
0.551475 0.811040
1.883880 -1.115218
-1.130173 -2.862033
0.127814 -0.523198
2.079885 -0.033456
-1.775196 0.873976
1.005270 1.025392
-1.473837 -1.318369
-2.283872 -4.208652
-1.412190 0.065975
0.506739 0.433301
1.071955 -0.814380
1.460497 -0.480159
-2.906431 1.764579
1.970586 0.372161
-2.025201 4.446420
1.407786 -3.718463
1.016507 1.769338
2.176088 -2.393435
-1.091726 -0.561928
-1.286712 -1.392699
-1.365950 -1.391832
0.559104 -0.902108
1.903228 4.093585
-0.276339 -2.128100
0.284109 4.215125
2.277032 -0.665650
-3.136574 -2.206083
0.348503 0.266211
-4.070733 -1.948822
0.467527 2.347868
-1.632987 1.629830
1.411657 -1.651469
-2.685604 1.775130
1.352868 3.899044
0.908927 -18.638947
2.237005 0.631220
3.304852 6.094723
0.981820 -1.202819
